0
0.000338298
0.013214292
0.075558961
0.192020221
0.01778177
0.040554808
0.006953028
0.088090223
0.024545424
0.038417925
0.005494119
0.113878063
0.0031458
0.013534204
0.002262365
0.200241405
0.000947325
0.008960291
0.002363947
0.018970867
0.002303274
0.006358709
0.000759331
0.030319926
0.000565821
0.00278452
0.000539622
0.009743524
0.000998805
0.007701787
0.000315315
0.007972977
0.000484464
0.001308145
0.000216032
0.007855768
0.000375069
0.001735154
0.001166575
0.014360643
0.000224766
0.001889595
0.000173286
0.002907705
0.000538702
0.001150028
0.00010342
0.003750691
0.000127781
0.000787829
9.37673E-05
0.002157567
7.81394E-05
0.000938592
0.000112153
0.004629989
0.000223387
0.000912852
6.84869E-05
0.00208908
3.63118E-05
0.000437121
0.000172826
0.002518847
0.00014203
0.000586965
3.63118E-05
0.001146811
8.59533E-05
0.000398971
4.55047E-05
0.001814673
3.07961E-05
0.000263376
6.52694E-05
0.00112153
6.75676E-05
0.000409083
7.3543E-05
0.0024499

